Local Time [hour]	Ptides [%]	Ls [deg]
0.000000	1.203002	0.000000
1.000000	1.432529	0.000000
2.000000	1.662462	0.000000
3.000000	1.754128	0.000000
4.000000	1.846105	0.000000
5.000000	1.952846	0.000000
6.000000	2.059831	0.000000
7.000000	2.676879	0.000000
8.000000	3.293992	0.000000
9.000000	2.546800	0.000000
10.000000	1.799711	0.000000
11.000000	0.898431	0.000000
12.000000	0.000000	0.000000
13.000000	-0.775842	0.000000
14.000000	-1.549939	0.000000
15.000000	-2.059643	0.000000
16.000000	-2.568893	0.000000
17.000000	-2.543734	0.000000
18.000000	-2.518565	0.000000
19.000000	-0.949382	0.000000
20.000000	0.620057	0.000000
21.000000	0.582860	0.000000
22.000000	0.545956	0.000000
23.000000	0.874272	0.000000
24.000000	1.203002	0.000000
0.000000	0.893647	10.000000
1.000000	1.173968	10.000000
2.000000	1.454561	10.000000
3.000000	1.516379	10.000000
4.000000	1.578505	10.000000
5.000000	1.646330	10.000000
6.000000	1.714397	10.000000
7.000000	2.316504	10.000000
8.000000	2.918714	10.000000
9.000000	2.267371	10.000000
10.000000	1.615981	10.000000
11.000000	0.806888	10.000000
12.000000	0.000000	10.000000
13.000000	-0.626104	10.000000
14.000000	-1.250751	10.000000
15.000000	-1.725728	10.000000
16.000000	-2.200322	10.000000
17.000000	-2.227934	10.000000
18.000000	-2.255583	10.000000
19.000000	-0.862028	10.000000
20.000000	0.531686	10.000000
21.000000	0.460471	10.000000
22.000000	0.389451	10.000000
23.000000	0.641395	10.000000
24.000000	0.893647	10.000000
0.000000	0.885139	20.000000
1.000000	1.120092	20.000000
2.000000	1.355377	20.000000
3.000000	1.449316	20.000000
4.000000	1.543577	20.000000
5.000000	1.686809	20.000000
6.000000	1.830279	20.000000
7.000000	2.521146	20.000000
8.000000	3.212096	20.000000
9.000000	2.499840	20.000000
10.000000	1.787638	20.000000
11.000000	0.892701	20.000000
12.000000	0.000000	20.000000
13.000000	-0.754171	20.000000
14.000000	-1.506566	20.000000
15.000000	-2.095150	20.000000
16.000000	-2.683256	20.000000
17.000000	-2.722557	20.000000
18.000000	-2.761850	20.000000
19.000000	-1.268292	20.000000
20.000000	0.225496	20.000000
21.000000	0.163572	20.000000
22.000000	0.101888	20.000000
23.000000	0.493329	20.000000
24.000000	0.885139	20.000000
0.000000	0.494072	30.000000
1.000000	0.699297	30.000000
2.000000	0.904822	30.000000
3.000000	1.097256	30.000000
4.000000	1.289944	30.000000
5.000000	1.559384	30.000000
6.000000	1.829077	30.000000
7.000000	2.449240	30.000000
8.000000	3.069493	30.000000
9.000000	2.420222	30.000000
10.000000	1.770942	30.000000
11.000000	0.884511	30.000000
12.000000	0.000000	30.000000
13.000000	-0.753057	30.000000
14.000000	-1.504501	30.000000
15.000000	-2.121547	30.000000
16.000000	-2.738122	30.000000
17.000000	-2.793367	30.000000
18.000000	-2.848612	30.000000
19.000000	-1.506404	30.000000
20.000000	-0.163996	30.000000
21.000000	-0.161459	30.000000
22.000000	-0.158714	30.000000
23.000000	0.167529	30.000000
24.000000	0.494072	30.000000
0.000000	0.112038	40.000000
1.000000	0.288217	40.000000
2.000000	0.464611	40.000000
3.000000	0.753123	40.000000
4.000000	1.041893	40.000000
5.000000	1.434503	40.000000
6.000000	1.827390	40.000000
7.000000	2.378550	40.000000
8.000000	2.929808	40.000000
9.000000	2.342014	40.000000
10.000000	1.754264	40.000000
11.000000	0.876315	40.000000
12.000000	0.000000	40.000000
13.000000	-0.751854	40.000000
14.000000	-1.502244	40.000000
15.000000	-2.147017	40.000000
16.000000	-2.791335	40.000000
17.000000	-2.862219	40.000000
18.000000	-2.933086	40.000000
19.000000	-1.738698	40.000000
20.000000	-0.544185	40.000000
21.000000	-0.478775	40.000000
22.000000	-0.413196	40.000000
23.000000	-0.150708	40.000000
24.000000	0.112038	40.000000
0.000000	0.022425	50.000000
1.000000	0.167251	50.000000
2.000000	0.312271	50.000000
3.000000	0.616407	50.000000
4.000000	0.920790	50.000000
5.000000	1.391505	50.000000
6.000000	1.862494	50.000000
7.000000	2.416577	50.000000
8.000000	2.970758	50.000000
9.000000	2.405780	50.000000
10.000000	1.840820	50.000000
11.000000	0.919694	50.000000
12.000000	0.000000	50.000000
13.000000	-0.788185	50.000000
14.000000	-1.575035	50.000000
15.000000	-2.255764	50.000000
16.000000	-2.936104	50.000000
17.000000	-3.018243	50.000000
18.000000	-3.100374	50.000000
19.000000	-1.969296	50.000000
20.000000	-0.838085	50.000000
21.000000	-0.682939	50.000000
22.000000	-0.527635	50.000000
23.000000	-0.252707	50.000000
24.000000	0.022425	50.000000
0.000000	0.219505	60.000000
1.000000	0.330033	60.000000
2.000000	0.440721	60.000000
3.000000	0.681511	60.000000
4.000000	0.922504	60.000000
5.000000	1.428616	60.000000
6.000000	1.934957	60.000000
7.000000	2.563030	60.000000
8.000000	3.191244	60.000000
9.000000	2.611352	60.000000
10.000000	2.031390	60.000000
11.000000	1.015020	60.000000
12.000000	0.000000	60.000000
13.000000	-0.862512	60.000000
14.000000	-1.723744	60.000000
15.000000	-2.449449	60.000000
16.000000	-3.174775	60.000000
17.000000	-3.264071	60.000000
18.000000	-3.353412	60.000000
19.000000	-2.203561	60.000000
20.000000	-1.053595	60.000000
21.000000	-0.780078	60.000000
22.000000	-0.506412	60.000000
23.000000	-0.143528	60.000000
24.000000	0.219505	60.000000
0.000000	0.417833	70.000000
1.000000	0.493823	70.000000
2.000000	0.569955	70.000000
3.000000	0.746953	70.000000
4.000000	0.924156	70.000000
5.000000	1.465849	70.000000
6.000000	2.007817	70.000000
7.000000	2.710392	70.000000
8.000000	3.413100	70.000000
9.000000	2.818179	70.000000
10.000000	2.223215	70.000000
11.000000	1.110963	70.000000
12.000000	0.000000	70.000000
13.000000	-0.937296	70.000000
14.000000	-1.873393	70.000000
15.000000	-2.644344	70.000000
16.000000	-3.414939	70.000000
17.000000	-3.511496	70.000000
18.000000	-3.608054	70.000000
19.000000	-2.439297	70.000000
20.000000	-1.270495	70.000000
21.000000	-0.877832	70.000000
22.000000	-0.485062	70.000000
23.000000	-0.033690	70.000000
24.000000	0.417833	70.000000
0.000000	0.699415	80.000000
1.000000	0.746065	80.000000
2.000000	0.792814	80.000000
3.000000	0.942458	80.000000
4.000000	1.092283	80.000000
5.000000	1.642814	80.000000
6.000000	2.193590	80.000000
7.000000	2.929789	80.000000
8.000000	3.666132	80.000000
9.000000	3.017278	80.000000
10.000000	2.368369	80.000000
11.000000	1.183519	80.000000
12.000000	0.000000	80.000000
13.000000	-0.968254	80.000000
14.000000	-1.935331	80.000000
15.000000	-2.722570	80.000000
16.000000	-3.509474	80.000000
17.000000	-3.593243	80.000000
18.000000	-3.677012	80.000000
19.000000	-2.454401	80.000000
20.000000	-1.231771	80.000000
21.000000	-0.765335	80.000000
22.000000	-0.298790	80.000000
23.000000	0.200258	80.000000
24.000000	0.699415	80.000000
0.000000	1.078680	90.000000
1.000000	1.100287	90.000000
2.000000	1.122023	90.000000
3.000000	1.281398	90.000000
4.000000	1.440950	90.000000
5.000000	1.972589	90.000000
6.000000	2.504497	90.000000
7.000000	3.232725	90.000000
8.000000	3.961112	90.000000
9.000000	3.215552	90.000000
10.000000	2.469908	90.000000
11.000000	1.234200	90.000000
12.000000	0.000000	90.000000
13.000000	-0.954453	90.000000
14.000000	-1.907797	90.000000
15.000000	-2.681623	90.000000
16.000000	-3.455085	90.000000
17.000000	-3.504621	90.000000
18.000000	-3.554167	90.000000
19.000000	-2.239055	90.000000
20.000000	-0.923915	90.000000
21.000000	-0.428468	90.000000
22.000000	0.067101	90.000000
23.000000	0.572821	90.000000
24.000000	1.078680	90.000000
0.000000	1.479850	100.000000
1.000000	1.474976	100.000000
2.000000	1.470236	100.000000
3.000000	1.639878	100.000000
4.000000	1.809683	100.000000
5.000000	2.321326	100.000000
6.000000	2.833228	100.000000
7.000000	3.552961	100.000000
8.000000	4.272886	100.000000
9.000000	3.424995	100.000000
10.000000	2.576998	100.000000
11.000000	1.287646	100.000000
12.000000	0.000000	100.000000
13.000000	-0.939914	100.000000
14.000000	-1.878739	100.000000
15.000000	-2.638355	100.000000
16.000000	-3.397625	100.000000
17.000000	-3.410930	100.000000
18.000000	-3.424243	100.000000
19.000000	-2.011290	100.000000
20.000000	-0.598327	100.000000
21.000000	-0.072167	100.000000
22.000000	0.454109	100.000000
23.000000	0.966908	100.000000
24.000000	1.479850	100.000000
0.000000	1.878593	110.000000
1.000000	1.861039	110.000000
2.000000	1.843714	110.000000
3.000000	1.994024	110.000000
4.000000	2.144563	110.000000
5.000000	2.578066	110.000000
6.000000	3.011860	110.000000
7.000000	3.716975	110.000000
8.000000	4.422320	110.000000
9.000000	3.517837	110.000000
10.000000	2.613255	110.000000
11.000000	1.305614	110.000000
12.000000	0.000000	110.000000
13.000000	-0.939311	110.000000
14.000000	-1.877445	110.000000
15.000000	-2.619975	110.000000
16.000000	-3.362136	110.000000
17.000000	-3.324781	110.000000
18.000000	-3.287435	110.000000
19.000000	-1.718668	110.000000
20.000000	-0.149870	110.000000
21.000000	0.337535	110.000000
22.000000	0.825109	110.000000
23.000000	1.351756	110.000000
24.000000	1.878593	110.000000
0.000000	2.271898	120.000000
1.000000	2.256728	120.000000
2.000000	2.241764	120.000000
3.000000	2.340665	120.000000
4.000000	2.439803	120.000000
5.000000	2.732395	120.000000
6.000000	3.025287	120.000000
7.000000	3.709362	120.000000
8.000000	4.393581	120.000000
9.000000	3.482727	120.000000
10.000000	2.571812	120.000000
11.000000	1.284625	120.000000
12.000000	0.000000	120.000000
13.000000	-0.953555	120.000000
14.000000	-1.905716	120.000000
15.000000	-2.627959	120.000000
16.000000	-3.349810	120.000000
17.000000	-3.246593	120.000000
18.000000	-3.143323	120.000000
19.000000	-1.356780	120.000000
20.000000	0.429857	120.000000
21.000000	0.803010	120.000000
22.000000	1.176400	120.000000
23.000000	1.724035	120.000000
24.000000	2.271898	120.000000
0.000000	2.686063	130.000000
1.000000	2.673180	130.000000
2.000000	2.660626	130.000000
3.000000	2.705143	130.000000
4.000000	2.749894	130.000000
5.000000	2.893654	130.000000
6.000000	3.037700	130.000000
7.000000	3.699556	130.000000
8.000000	4.361582	130.000000
9.000000	3.444286	130.000000
10.000000	2.527011	130.000000
11.000000	1.261972	130.000000
12.000000	0.000000	130.000000
13.000000	-0.968234	130.000000
14.000000	-1.934780	130.000000
15.000000	-2.635550	130.000000
16.000000	-3.335853	130.000000
17.000000	-3.163261	130.000000
18.000000	-2.990689	130.000000
19.000000	-0.974495	130.000000
20.000000	1.041849	130.000000
21.000000	1.294105	130.000000
22.000000	1.546648	130.000000
23.000000	2.116202	130.000000
24.000000	2.686063	130.000000
0.000000	2.848459	140.000000
1.000000	2.845307	140.000000
2.000000	2.842469	140.000000
3.000000	2.832734	140.000000
4.000000	2.823280	140.000000
5.000000	2.864431	140.000000
6.000000	2.905852	140.000000
7.000000	3.615774	140.000000
8.000000	4.325824	140.000000
9.000000	3.392728	140.000000
10.000000	2.459686	140.000000
11.000000	1.228159	140.000000
12.000000	0.000000	140.000000
13.000000	-0.955695	140.000000
14.000000	-1.909556	140.000000
15.000000	-2.602004	140.000000
16.000000	-3.294010	140.000000
17.000000	-3.123567	140.000000
18.000000	-2.953091	140.000000
19.000000	-0.799606	140.000000
20.000000	1.354106	140.000000
21.000000	1.493360	140.000000
22.000000	1.632970	140.000000
23.000000	2.240515	140.000000
24.000000	2.848459	140.000000
0.000000	2.742318	150.000000
1.000000	2.756230	150.000000
2.000000	2.770489	150.000000
3.000000	2.708981	150.000000
4.000000	2.647787	150.000000
5.000000	2.638877	150.000000
6.000000	2.630261	150.000000
7.000000	3.459476	150.000000
8.000000	4.288811	150.000000
9.000000	3.330577	150.000000
10.000000	2.372398	150.000000
11.000000	1.184419	150.000000
12.000000	0.000000	150.000000
13.000000	-0.915488	150.000000
14.000000	-1.829087	150.000000
15.000000	-2.527504	150.000000
16.000000	-3.225422	150.000000
17.000000	-3.131336	150.000000
18.000000	-3.037251	150.000000
19.000000	-0.848325	150.000000
20.000000	1.340839	150.000000
21.000000	1.380285	150.000000
22.000000	1.420101	150.000000
23.000000	2.080960	150.000000
24.000000	2.742318	150.000000
0.000000	2.635999	160.000000
1.000000	2.666984	160.000000
2.000000	2.698326	160.000000
3.000000	2.584989	160.000000
4.000000	2.471954	160.000000
5.000000	2.412935	160.000000
6.000000	2.354218	160.000000
7.000000	3.302816	160.000000
8.000000	4.251554	160.000000
9.000000	3.268156	160.000000
10.000000	2.284867	160.000000
11.000000	1.140591	160.000000
12.000000	0.000000	160.000000
13.000000	-0.875226	160.000000
14.000000	-1.748475	160.000000
15.000000	-2.452825	160.000000
16.000000	-3.156624	160.000000
17.000000	-3.139008	160.000000
18.000000	-3.121370	160.000000
19.000000	-0.896971	160.000000
20.000000	1.327710	160.000000
21.000000	1.267178	160.000000
22.000000	1.207002	160.000000
23.000000	1.921274	160.000000
24.000000	2.635999	160.000000
0.000000	2.425401	170.000000
1.000000	2.449631	170.000000
2.000000	2.474288	170.000000
3.000000	2.372653	170.000000
4.000000	2.271381	170.000000
5.000000	2.213845	170.000000
6.000000	2.156607	170.000000
7.000000	3.161255	170.000000
8.000000	4.166010	170.000000
9.000000	3.153246	170.000000
10.000000	2.140610	170.000000
11.000000	1.068380	170.000000
12.000000	0.000000	170.000000
13.000000	-0.863159	170.000000
14.000000	-1.724271	170.000000
15.000000	-2.394750	170.000000
16.000000	-3.064686	170.000000
17.000000	-3.070029	170.000000
18.000000	-3.075340	170.000000
19.000000	-0.891239	170.000000
20.000000	1.293150	170.000000
21.000000	1.170580	170.000000
22.000000	1.048341	170.000000
23.000000	1.736588	170.000000
24.000000	2.425401	170.000000
0.000000	2.121735	180.000000
1.000000	2.116508	180.000000
2.000000	2.111739	180.000000
3.000000	2.082867	180.000000
4.000000	2.054370	180.000000
5.000000	2.048141	180.000000
6.000000	2.042203	180.000000
7.000000	3.039608	180.000000
8.000000	4.037128	180.000000
9.000000	2.991923	180.000000
10.000000	1.946863	180.000000
11.000000	0.971433	180.000000
12.000000	0.000000	180.000000
13.000000	-0.878733	180.000000
14.000000	-1.755411	180.000000
15.000000	-2.354843	180.000000
16.000000	-2.953795	180.000000
17.000000	-2.929576	180.000000
18.000000	-2.905337	180.000000
19.000000	-0.833291	180.000000
20.000000	1.239131	180.000000
21.000000	1.093298	180.000000
22.000000	0.947904	180.000000
23.000000	1.534533	180.000000
24.000000	2.121735	180.000000
0.000000	1.832030	190.000000
1.000000	1.798741	190.000000
2.000000	1.765938	190.000000
3.000000	1.806503	190.000000
4.000000	1.847483	190.000000
5.000000	1.890196	190.000000
6.000000	1.933224	190.000000
7.000000	2.923720	190.000000
8.000000	3.914308	190.000000
9.000000	2.838010	190.000000
10.000000	1.761986	190.000000
11.000000	0.878906	190.000000
12.000000	0.000000	190.000000
13.000000	-0.893620	190.000000
14.000000	-1.785142	190.000000
15.000000	-2.316790	190.000000
16.000000	-2.847941	190.000000
17.000000	-2.795541	190.000000
18.000000	-2.743109	190.000000
19.000000	-0.777945	190.000000
20.000000	1.187625	190.000000
21.000000	1.019661	190.000000
22.000000	0.852133	190.000000
23.000000	1.341787	190.000000
24.000000	1.832030	190.000000
0.000000	1.753171	200.000000
1.000000	1.691437	200.000000
2.000000	1.630213	200.000000
3.000000	1.641064	200.000000
4.000000	1.652307	200.000000
5.000000	1.810690	200.000000
6.000000	1.969367	200.000000
7.000000	2.945297	200.000000
8.000000	3.921266	200.000000
9.000000	2.892042	200.000000
10.000000	1.863210	200.000000
11.000000	0.929360	200.000000
12.000000	0.000000	200.000000
13.000000	-1.002749	200.000000
14.000000	-2.003253	200.000000
15.000000	-2.560749	200.000000
16.000000	-3.117717	200.000000
17.000000	-2.989113	200.000000
18.000000	-2.860440	200.000000
19.000000	-0.931634	200.000000
20.000000	0.997750	200.000000
21.000000	0.950258	200.000000
22.000000	0.903355	200.000000
23.000000	1.327925	200.000000
24.000000	1.753171	200.000000
0.000000	1.870315	210.000000
1.000000	1.780223	210.000000
2.000000	1.690661	210.000000
3.000000	1.580821	210.000000
4.000000	1.471283	210.000000
5.000000	1.805038	210.000000
6.000000	2.139076	210.000000
7.000000	3.093551	210.000000
8.000000	4.048054	210.000000
9.000000	3.137129	210.000000
10.000000	2.226725	210.000000
11.000000	1.110848	210.000000
12.000000	0.000000	210.000000
13.000000	-1.197133	210.000000
14.000000	-2.391793	210.000000
15.000000	-3.060988	210.000000
16.000000	-3.729653	210.000000
17.000000	-3.481681	210.000000
18.000000	-3.233624	210.000000
19.000000	-1.275537	210.000000
20.000000	0.683269	210.000000
21.000000	0.886072	210.000000
22.000000	1.089641	210.000000
23.000000	1.479561	210.000000
24.000000	1.870315	210.000000
0.000000	1.981371	220.000000
1.000000	1.864667	220.000000
2.000000	1.748504	220.000000
3.000000	1.525121	220.000000
4.000000	1.302013	220.000000
5.000000	1.800524	220.000000
6.000000	2.299283	220.000000
7.000000	3.233536	220.000000
8.000000	4.167817	220.000000
9.000000	3.367851	220.000000
10.000000	2.568519	220.000000
11.000000	1.281487	220.000000
12.000000	0.000000	220.000000
13.000000	-1.379855	220.000000
14.000000	-2.757035	220.000000
15.000000	-3.531169	220.000000
16.000000	-4.304790	220.000000
17.000000	-3.944617	220.000000
18.000000	-3.584270	220.000000
19.000000	-1.598556	220.000000
20.000000	0.388002	220.000000
21.000000	0.826154	220.000000
22.000000	1.265296	220.000000
23.000000	1.622839	220.000000
24.000000	1.981371	220.000000
0.000000	1.956587	230.000000
1.000000	1.858368	230.000000
2.000000	1.760736	230.000000
3.000000	1.538497	230.000000
4.000000	1.316533	230.000000
5.000000	1.942951	230.000000
6.000000	2.569627	230.000000
7.000000	3.436640	230.000000
8.000000	4.303636	230.000000
9.000000	3.562228	230.000000
10.000000	2.821569	230.000000
11.000000	1.407779	230.000000
12.000000	0.000000	230.000000
13.000000	-1.512713	230.000000
14.000000	-3.022576	230.000000
15.000000	-3.869978	230.000000
16.000000	-4.716880	230.000000
17.000000	-4.276721	230.000000
18.000000	-3.836365	230.000000
19.000000	-1.859998	230.000000
20.000000	0.117412	230.000000
21.000000	0.711429	230.000000
22.000000	1.306647	230.000000
23.000000	1.631051	230.000000
24.000000	1.956587	230.000000
0.000000	1.804173	240.000000
1.000000	1.767008	240.000000
2.000000	1.730445	240.000000
3.000000	1.616576	240.000000
4.000000	1.502951	240.000000
5.000000	2.225598	240.000000
6.000000	2.948489	240.000000
7.000000	3.702856	240.000000
8.000000	4.457207	240.000000
9.000000	3.726682	240.000000
10.000000	2.997030	240.000000
11.000000	1.495309	240.000000
12.000000	0.000000	240.000000
13.000000	-1.601858	240.000000
14.000000	-3.200663	240.000000
15.000000	-4.093266	240.000000
16.000000	-4.985390	240.000000
17.000000	-4.493718	240.000000
18.000000	-4.001793	240.000000
19.000000	-2.069469	240.000000
20.000000	-0.135941	240.000000
21.000000	0.543023	240.000000
22.000000	1.223366	240.000000
23.000000	1.513150	240.000000
24.000000	1.804173	240.000000
0.000000	1.656952	250.000000
1.000000	1.679085	250.000000
2.000000	1.701873	250.000000
3.000000	1.693112	250.000000
4.000000	1.684566	250.000000
5.000000	2.500578	250.000000
6.000000	3.316788	250.000000
7.000000	3.961740	250.000000
8.000000	4.606667	250.000000
9.000000	3.886565	250.000000
10.000000	3.167473	250.000000
11.000000	1.580344	250.000000
12.000000	0.000000	250.000000
13.000000	-1.688433	250.000000
14.000000	-3.373595	250.000000
15.000000	-4.310108	250.000000
16.000000	-5.246078	250.000000
17.000000	-4.704372	250.000000
18.000000	-4.162321	250.000000
19.000000	-2.272651	250.000000
20.000000	-0.381592	250.000000
21.000000	0.379926	250.000000
22.000000	1.143024	250.000000
23.000000	1.399324	250.000000
24.000000	1.656952	250.000000
0.000000	1.600672	260.000000
1.000000	1.680505	260.000000
2.000000	1.761038	260.000000
3.000000	1.816417	260.000000
4.000000	1.872038	260.000000
5.000000	2.681080	260.000000
6.000000	3.490261	260.000000
7.000000	4.045695	260.000000
8.000000	4.601051	260.000000
9.000000	3.875656	260.000000
10.000000	3.151262	260.000000
11.000000	1.572180	260.000000
12.000000	0.000000	260.000000
13.000000	-1.668287	260.000000
14.000000	-3.333286	260.000000
15.000000	-4.264892	260.000000
16.000000	-5.195971	260.000000
17.000000	-4.654800	260.000000
18.000000	-4.113284	260.000000
19.000000	-2.284511	260.000000
20.000000	-0.454253	260.000000
21.000000	0.318488	260.000000
22.000000	1.092963	260.000000
23.000000	1.346080	260.000000
24.000000	1.600672	260.000000
0.000000	1.632092	270.000000
1.000000	1.770270	270.000000
2.000000	1.909223	270.000000
3.000000	1.990570	270.000000
4.000000	2.072118	270.000000
5.000000	2.774184	270.000000
6.000000	3.476355	270.000000
7.000000	3.958486	270.000000
8.000000	4.440601	270.000000
9.000000	3.694088	270.000000
10.000000	2.948550	270.000000
11.000000	1.470963	270.000000
12.000000	0.000000	270.000000
13.000000	-1.541127	270.000000
14.000000	-3.079139	270.000000
15.000000	-3.957111	270.000000
16.000000	-4.834562	270.000000
17.000000	-4.344336	270.000000
18.000000	-3.853832	270.000000
19.000000	-2.106538	270.000000
20.000000	-0.357843	270.000000
21.000000	0.355537	270.000000
22.000000	1.070623	270.000000
23.000000	1.350574	270.000000
24.000000	1.632092	270.000000
0.000000	1.664272	280.000000
1.000000	1.862174	280.000000
2.000000	2.060888	280.000000
3.000000	2.168827	280.000000
4.000000	2.276952	280.000000
5.000000	2.869535	280.000000
6.000000	3.462207	280.000000
7.000000	3.869362	280.000000
8.000000	4.276499	280.000000
9.000000	3.508372	280.000000
10.000000	2.741181	280.000000
11.000000	1.367406	280.000000
12.000000	0.000000	280.000000
13.000000	-1.410956	280.000000
14.000000	-2.818989	280.000000
15.000000	-3.642097	280.000000
16.000000	-4.464666	280.000000
17.000000	-4.026575	280.000000
18.000000	-3.588255	280.000000
19.000000	-1.924319	280.000000
20.000000	-0.259111	280.000000
21.000000	0.393533	280.000000
22.000000	1.047855	280.000000
23.000000	1.355224	280.000000
24.000000	1.664272	280.000000
0.000000	1.617426	290.000000
1.000000	1.845652	290.000000
2.000000	2.074823	290.000000
3.000000	2.185333	290.000000
4.000000	2.296068	290.000000
5.000000	2.832162	290.000000
6.000000	3.368336	290.000000
7.000000	3.779911	290.000000
8.000000	4.191451	290.000000
9.000000	3.414939	290.000000
10.000000	2.639334	290.000000
11.000000	1.316522	290.000000
12.000000	0.000000	290.000000
13.000000	-1.351302	290.000000
14.000000	-2.699756	290.000000
15.000000	-3.505593	290.000000
16.000000	-4.310901	290.000000
17.000000	-3.925255	290.000000
18.000000	-3.539429	290.000000
19.000000	-1.886838	290.000000
20.000000	-0.233052	290.000000
21.000000	0.365727	290.000000
22.000000	0.966150	290.000000
23.000000	1.290916	290.000000
24.000000	1.617426	290.000000
0.000000	1.488711	300.000000
1.000000	1.716850	300.000000
2.000000	1.945966	300.000000
3.000000	2.034107	300.000000
4.000000	2.122521	300.000000
5.000000	2.657016	300.000000
6.000000	3.191592	300.000000
7.000000	3.689951	300.000000
8.000000	4.188263	300.000000
9.000000	3.417093	300.000000
10.000000	2.646891	300.000000
11.000000	1.320282	300.000000
12.000000	0.000000	300.000000
13.000000	-1.364672	300.000000
14.000000	-2.726458	300.000000
15.000000	-3.554042	300.000000
16.000000	-4.381051	300.000000
17.000000	-4.048301	300.000000
18.000000	-3.715368	300.000000
19.000000	-1.999395	300.000000
20.000000	-0.282307	300.000000
21.000000	0.269753	300.000000
22.000000	0.823330	300.000000
23.000000	1.155185	300.000000
24.000000	1.488711	300.000000
0.000000	1.356790	310.000000
1.000000	1.584757	310.000000
2.000000	1.813808	310.000000
3.000000	1.878940	310.000000
4.000000	1.944396	310.000000
5.000000	2.477177	310.000000
6.000000	3.010060	310.000000
7.000000	3.597536	310.000000
8.000000	4.184938	310.000000
9.000000	3.419272	310.000000
10.000000	2.654598	310.000000
11.000000	1.324099	310.000000
12.000000	0.000000	310.000000
13.000000	-1.378396	310.000000
14.000000	-2.753856	310.000000
15.000000	-3.603750	310.000000
16.000000	-4.453088	310.000000
17.000000	-4.174612	310.000000
18.000000	-3.895960	310.000000
19.000000	-2.114936	310.000000
20.000000	-0.332791	310.000000
21.000000	0.171336	310.000000
22.000000	0.676853	310.000000
23.000000	1.015998	310.000000
24.000000	1.356790	310.000000
0.000000	1.353802	320.000000
1.000000	1.568957	320.000000
2.000000	1.785115	320.000000
3.000000	1.852427	320.000000
4.000000	1.920086	320.000000
5.000000	2.391556	320.000000
6.000000	2.863184	320.000000
7.000000	3.497315	320.000000
8.000000	4.131389	320.000000
9.000000	3.346831	320.000000
10.000000	2.563116	320.000000
11.000000	1.278556	320.000000
12.000000	0.000000	320.000000
13.000000	-1.322638	320.000000
14.000000	-2.642437	320.000000
15.000000	-3.454376	320.000000
16.000000	-4.265752	320.000000
17.000000	-4.038832	320.000000
18.000000	-3.811790	320.000000
19.000000	-1.993394	320.000000
20.000000	-0.174070	320.000000
21.000000	0.228728	320.000000
22.000000	0.632726	320.000000
23.000000	0.992557	320.000000
24.000000	1.353802	320.000000
0.000000	1.482795	330.000000
1.000000	1.672429	330.000000
2.000000	1.862904	330.000000
3.000000	1.958170	330.000000
4.000000	2.053823	330.000000
5.000000	2.403873	330.000000
6.000000	2.754151	330.000000
7.000000	3.390679	330.000000
8.000000	4.027168	330.000000
9.000000	3.198957	330.000000
10.000000	2.371294	330.000000
11.000000	1.183078	330.000000
12.000000	0.000000	330.000000
13.000000	-1.196497	330.000000
14.000000	-2.390417	330.000000
15.000000	-3.103238	330.000000
16.000000	-3.815493	330.000000
17.000000	-3.636615	330.000000
18.000000	-3.457623	330.000000
19.000000	-1.631010	330.000000
20.000000	0.196358	330.000000
21.000000	0.444693	330.000000
22.000000	0.693887	330.000000
23.000000	1.087803	330.000000
24.000000	1.482795	330.000000
0.000000	1.612483	340.000000
1.000000	1.776532	340.000000
2.000000	1.941255	340.000000
3.000000	2.064603	340.000000
4.000000	2.188377	340.000000
5.000000	2.416311	340.000000
6.000000	2.644462	340.000000
7.000000	3.283368	340.000000
8.000000	3.922254	340.000000
9.000000	3.050056	340.000000
10.000000	2.178162	340.000000
11.000000	1.086909	340.000000
12.000000	0.000000	340.000000
13.000000	-1.069550	340.000000
14.000000	-2.136730	340.000000
15.000000	-2.749806	340.000000
16.000000	-3.362333	340.000000
17.000000	-3.231862	340.000000
18.000000	-3.101334	340.000000
19.000000	-1.266467	340.000000
20.000000	0.568894	340.000000
21.000000	0.661784	340.000000
22.000000	0.755272	340.000000
23.000000	1.183489	340.000000
24.000000	1.612483	340.000000
0.000000	1.517965	350.000000
1.000000	1.695579	350.000000
2.000000	1.873724	350.000000
3.000000	1.995766	350.000000
4.000000	2.118224	350.000000
5.000000	2.264638	350.000000
6.000000	2.411308	350.000000
7.000000	3.043631	350.000000
8.000000	3.675972	350.000000
9.000000	2.831165	350.000000
10.000000	1.986510	350.000000
11.000000	0.991467	350.000000
12.000000	0.000000	350.000000
13.000000	-0.928384	350.000000
14.000000	-1.854729	350.000000
15.000000	-2.399776	350.000000
16.000000	-2.944349	350.000000
17.000000	-2.865419	350.000000
18.000000	-2.786480	350.000000
19.000000	-1.038315	350.000000
20.000000	0.710219	350.000000
21.000000	0.707545	350.000000
22.000000	0.705269	350.000000
23.000000	1.111337	350.000000
24.000000	1.517965	350.000000
0.000000	1.203002	360.000000
1.000000	1.432529	360.000000
2.000000	1.662462	360.000000
3.000000	1.754128	360.000000
4.000000	1.846105	360.000000
5.000000	1.952846	360.000000
6.000000	2.059831	360.000000
7.000000	2.676879	360.000000
8.000000	3.293992	360.000000
9.000000	2.546800	360.000000
10.000000	1.799711	360.000000
11.000000	0.898431	360.000000
12.000000	0.000000	360.000000
13.000000	-0.775842	360.000000
14.000000	-1.549939	360.000000
15.000000	-2.059643	360.000000
16.000000	-2.568893	360.000000
17.000000	-2.543734	360.000000
18.000000	-2.518565	360.000000
19.000000	-0.949382	360.000000
20.000000	0.620057	360.000000
21.000000	0.582860	360.000000
22.000000	0.545956	360.000000
23.000000	0.874272	360.000000
24.000000	1.203002	360.000000
