Ls min [deg]	Ls max [deg]	Latitude min [deg]	Latitude max [deg]	Local Time min [hour]	Local Time max [hour]	Local Time center [hour]	OMEGA Median Tide [%]	OMEGA Std [%]	MCD Median Tide [%]	MCD Std [%]	Number of observations
0.000000	90.000000	60.000000	90.000000	6.000000	7.000000	6.500000	nan	nan	nan	nan	0.000000
0.000000	90.000000	60.000000	90.000000	7.000000	8.000000	7.500000	nan	nan	nan	nan	0.000000
0.000000	90.000000	60.000000	90.000000	8.000000	9.000000	8.500000	nan	nan	nan	nan	0.000000
0.000000	90.000000	60.000000	90.000000	9.000000	10.000000	9.500000	nan	nan	nan	nan	0.000000
0.000000	90.000000	60.000000	90.000000	10.000000	11.000000	10.500000	nan	nan	nan	nan	0.000000
0.000000	90.000000	60.000000	90.000000	11.000000	12.000000	11.500000	nan	nan	nan	nan	0.000000
0.000000	90.000000	60.000000	90.000000	12.000000	13.000000	12.500000	nan	nan	nan	nan	0.000000
0.000000	90.000000	60.000000	90.000000	13.000000	14.000000	13.500000	nan	nan	nan	nan	0.000000
0.000000	90.000000	60.000000	90.000000	14.000000	15.000000	14.500000	nan	nan	nan	nan	0.000000
0.000000	90.000000	60.000000	90.000000	15.000000	16.000000	15.500000	nan	nan	nan	nan	0.000000
0.000000	90.000000	60.000000	90.000000	16.000000	17.000000	16.500000	nan	nan	nan	nan	0.000000
0.000000	90.000000	60.000000	90.000000	17.000000	18.000000	17.500000	nan	nan	nan	nan	0.000000
0.000000	90.000000	60.000000	90.000000	18.000000	19.000000	18.500000	nan	nan	nan	nan	0.000000
0.000000	90.000000	60.000000	90.000000	19.000000	20.000000	19.500000	nan	nan	nan	nan	0.000000
0.000000	90.000000	30.000000	60.000000	6.000000	7.000000	6.500000	nan	nan	nan	nan	0.000000
0.000000	90.000000	30.000000	60.000000	7.000000	8.000000	7.500000	nan	nan	nan	nan	0.000000
0.000000	90.000000	30.000000	60.000000	8.000000	9.000000	8.500000	7.444343	5.452051	-0.042837	0.249752	201.000000
0.000000	90.000000	30.000000	60.000000	9.000000	10.000000	9.500000	2.760839	3.691028	-0.137972	0.529673	5677.000000
0.000000	90.000000	30.000000	60.000000	10.000000	11.000000	10.500000	-0.222943	2.868612	0.280686	0.269788	26261.000000
0.000000	90.000000	30.000000	60.000000	11.000000	12.000000	11.500000	-2.658289	2.787309	-0.222835	0.136910	10353.000000
0.000000	90.000000	30.000000	60.000000	12.000000	13.000000	12.500000	nan	nan	nan	nan	0.000000
0.000000	90.000000	30.000000	60.000000	13.000000	14.000000	13.500000	-6.613141	3.423345	-0.278580	0.308948	35298.000000
0.000000	90.000000	30.000000	60.000000	14.000000	15.000000	14.500000	-5.231647	3.991226	0.163109	0.256607	24176.000000
0.000000	90.000000	30.000000	60.000000	15.000000	16.000000	15.500000	1.178098	4.225636	-0.699739	0.662042	10289.000000
0.000000	90.000000	30.000000	60.000000	16.000000	17.000000	16.500000	3.401322	4.151336	-0.441345	0.161189	5283.000000
0.000000	90.000000	30.000000	60.000000	17.000000	18.000000	17.500000	nan	nan	nan	nan	0.000000
0.000000	90.000000	30.000000	60.000000	18.000000	19.000000	18.500000	nan	nan	nan	nan	0.000000
0.000000	90.000000	30.000000	60.000000	19.000000	20.000000	19.500000	nan	nan	nan	nan	0.000000
0.000000	90.000000	0.000000	30.000000	6.000000	7.000000	6.500000	nan	nan	nan	nan	0.000000
0.000000	90.000000	0.000000	30.000000	7.000000	8.000000	7.500000	12.915701	3.619619	0.014170	0.017556	2.000000
0.000000	90.000000	0.000000	30.000000	8.000000	9.000000	8.500000	4.641374	3.888000	-0.225130	0.402531	1243.000000
0.000000	90.000000	0.000000	30.000000	9.000000	10.000000	9.500000	2.685531	4.983864	0.403395	0.686908	39342.000000
0.000000	90.000000	0.000000	30.000000	10.000000	11.000000	10.500000	1.586831	3.445822	0.383339	0.298031	105313.000000
0.000000	90.000000	0.000000	30.000000	11.000000	12.000000	11.500000	1.534739	4.967030	-0.109367	0.181867	20760.000000
0.000000	90.000000	0.000000	30.000000	12.000000	13.000000	12.500000	nan	nan	nan	nan	0.000000
0.000000	90.000000	0.000000	30.000000	13.000000	14.000000	13.500000	-1.262997	3.285539	-0.529195	0.704811	4008.000000
0.000000	90.000000	0.000000	30.000000	14.000000	15.000000	14.500000	-0.593915	5.233540	-0.002527	0.509419	31333.000000
0.000000	90.000000	0.000000	30.000000	15.000000	16.000000	15.500000	0.445149	3.798280	-1.074684	0.821997	77493.000000
0.000000	90.000000	0.000000	30.000000	16.000000	17.000000	16.500000	7.757082	5.029079	0.830408	0.320403	135.000000
0.000000	90.000000	0.000000	30.000000	17.000000	18.000000	17.500000	nan	nan	nan	nan	0.000000
0.000000	90.000000	0.000000	30.000000	18.000000	19.000000	18.500000	nan	nan	nan	nan	0.000000
0.000000	90.000000	0.000000	30.000000	19.000000	20.000000	19.500000	nan	nan	nan	nan	0.000000
0.000000	90.000000	-30.000000	0.000000	6.000000	7.000000	6.500000	nan	nan	nan	nan	0.000000
0.000000	90.000000	-30.000000	0.000000	7.000000	8.000000	7.500000	nan	nan	nan	nan	0.000000
0.000000	90.000000	-30.000000	0.000000	8.000000	9.000000	8.500000	1.149421	11.476572	0.385613	0.473330	109.000000
0.000000	90.000000	-30.000000	0.000000	9.000000	10.000000	9.500000	3.789430	3.563265	1.791683	0.399670	5234.000000
0.000000	90.000000	-30.000000	0.000000	10.000000	11.000000	10.500000	0.848407	4.160977	1.097657	0.482898	33671.000000
0.000000	90.000000	-30.000000	0.000000	11.000000	12.000000	11.500000	1.390889	4.312546	0.418918	0.317870	17765.000000
0.000000	90.000000	-30.000000	0.000000	12.000000	13.000000	12.500000	nan	nan	nan	nan	0.000000
0.000000	90.000000	-30.000000	0.000000	13.000000	14.000000	13.500000	0.943212	3.486445	-1.831198	0.765891	3100.000000
0.000000	90.000000	-30.000000	0.000000	14.000000	15.000000	14.500000	5.718275	5.481185	-0.361053	0.646404	192.000000
0.000000	90.000000	-30.000000	0.000000	15.000000	16.000000	15.500000	-6.288890	4.678756	-2.387118	0.554780	12857.000000
0.000000	90.000000	-30.000000	0.000000	16.000000	17.000000	16.500000	nan	nan	nan	nan	0.000000
0.000000	90.000000	-30.000000	0.000000	17.000000	18.000000	17.500000	nan	nan	nan	nan	0.000000
0.000000	90.000000	-30.000000	0.000000	18.000000	19.000000	18.500000	nan	nan	nan	nan	0.000000
0.000000	90.000000	-30.000000	0.000000	19.000000	20.000000	19.500000	nan	nan	nan	nan	0.000000
0.000000	90.000000	-60.000000	-30.000000	6.000000	7.000000	6.500000	nan	nan	nan	nan	0.000000
0.000000	90.000000	-60.000000	-30.000000	7.000000	8.000000	7.500000	nan	nan	nan	nan	0.000000
0.000000	90.000000	-60.000000	-30.000000	8.000000	9.000000	8.500000	nan	nan	nan	nan	0.000000
0.000000	90.000000	-60.000000	-30.000000	9.000000	10.000000	9.500000	nan	nan	nan	nan	0.000000
0.000000	90.000000	-60.000000	-30.000000	10.000000	11.000000	10.500000	0.141820	5.290835	0.735129	0.079017	526.000000
0.000000	90.000000	-60.000000	-30.000000	11.000000	12.000000	11.500000	1.435952	2.205358	0.159660	0.038211	9844.000000
0.000000	90.000000	-60.000000	-30.000000	12.000000	13.000000	12.500000	nan	nan	nan	nan	0.000000
0.000000	90.000000	-60.000000	-30.000000	13.000000	14.000000	13.500000	nan	nan	nan	nan	0.000000
0.000000	90.000000	-60.000000	-30.000000	14.000000	15.000000	14.500000	nan	nan	nan	nan	0.000000
0.000000	90.000000	-60.000000	-30.000000	15.000000	16.000000	15.500000	nan	nan	nan	nan	0.000000
0.000000	90.000000	-60.000000	-30.000000	16.000000	17.000000	16.500000	nan	nan	nan	nan	0.000000
0.000000	90.000000	-60.000000	-30.000000	17.000000	18.000000	17.500000	nan	nan	nan	nan	0.000000
0.000000	90.000000	-60.000000	-30.000000	18.000000	19.000000	18.500000	nan	nan	nan	nan	0.000000
0.000000	90.000000	-60.000000	-30.000000	19.000000	20.000000	19.500000	nan	nan	nan	nan	0.000000
0.000000	90.000000	-90.000000	-60.000000	6.000000	7.000000	6.500000	nan	nan	nan	nan	0.000000
0.000000	90.000000	-90.000000	-60.000000	7.000000	8.000000	7.500000	nan	nan	nan	nan	0.000000
0.000000	90.000000	-90.000000	-60.000000	8.000000	9.000000	8.500000	nan	nan	nan	nan	0.000000
0.000000	90.000000	-90.000000	-60.000000	9.000000	10.000000	9.500000	nan	nan	nan	nan	0.000000
0.000000	90.000000	-90.000000	-60.000000	10.000000	11.000000	10.500000	nan	nan	nan	nan	0.000000
0.000000	90.000000	-90.000000	-60.000000	11.000000	12.000000	11.500000	nan	nan	nan	nan	0.000000
0.000000	90.000000	-90.000000	-60.000000	12.000000	13.000000	12.500000	nan	nan	nan	nan	0.000000
0.000000	90.000000	-90.000000	-60.000000	13.000000	14.000000	13.500000	nan	nan	nan	nan	0.000000
0.000000	90.000000	-90.000000	-60.000000	14.000000	15.000000	14.500000	nan	nan	nan	nan	0.000000
0.000000	90.000000	-90.000000	-60.000000	15.000000	16.000000	15.500000	nan	nan	nan	nan	0.000000
0.000000	90.000000	-90.000000	-60.000000	16.000000	17.000000	16.500000	nan	nan	nan	nan	0.000000
0.000000	90.000000	-90.000000	-60.000000	17.000000	18.000000	17.500000	nan	nan	nan	nan	0.000000
0.000000	90.000000	-90.000000	-60.000000	18.000000	19.000000	18.500000	nan	nan	nan	nan	0.000000
0.000000	90.000000	-90.000000	-60.000000	19.000000	20.000000	19.500000	nan	nan	nan	nan	0.000000
90.000000	180.000000	60.000000	90.000000	6.000000	7.000000	6.500000	nan	nan	nan	nan	0.000000
90.000000	180.000000	60.000000	90.000000	7.000000	8.000000	7.500000	nan	nan	nan	nan	0.000000
90.000000	180.000000	60.000000	90.000000	8.000000	9.000000	8.500000	nan	nan	nan	nan	0.000000
90.000000	180.000000	60.000000	90.000000	9.000000	10.000000	9.500000	nan	nan	nan	nan	0.000000
90.000000	180.000000	60.000000	90.000000	10.000000	11.000000	10.500000	nan	nan	nan	nan	0.000000
90.000000	180.000000	60.000000	90.000000	11.000000	12.000000	11.500000	nan	nan	nan	nan	0.000000
90.000000	180.000000	60.000000	90.000000	12.000000	13.000000	12.500000	nan	nan	nan	nan	0.000000
90.000000	180.000000	60.000000	90.000000	13.000000	14.000000	13.500000	nan	nan	nan	nan	0.000000
90.000000	180.000000	60.000000	90.000000	14.000000	15.000000	14.500000	nan	nan	nan	nan	0.000000
90.000000	180.000000	60.000000	90.000000	15.000000	16.000000	15.500000	nan	nan	nan	nan	0.000000
90.000000	180.000000	60.000000	90.000000	16.000000	17.000000	16.500000	nan	nan	nan	nan	0.000000
90.000000	180.000000	60.000000	90.000000	17.000000	18.000000	17.500000	nan	nan	nan	nan	0.000000
90.000000	180.000000	60.000000	90.000000	18.000000	19.000000	18.500000	nan	nan	nan	nan	0.000000
90.000000	180.000000	60.000000	90.000000	19.000000	20.000000	19.500000	nan	nan	nan	nan	0.000000
90.000000	180.000000	30.000000	60.000000	6.000000	7.000000	6.500000	nan	nan	nan	nan	0.000000
90.000000	180.000000	30.000000	60.000000	7.000000	8.000000	7.500000	nan	nan	nan	nan	0.000000
90.000000	180.000000	30.000000	60.000000	8.000000	9.000000	8.500000	nan	nan	nan	nan	0.000000
90.000000	180.000000	30.000000	60.000000	9.000000	10.000000	9.500000	-0.951231	6.485398	0.161770	0.191686	2039.000000
90.000000	180.000000	30.000000	60.000000	10.000000	11.000000	10.500000	-1.936793	2.996431	0.351387	0.397890	20756.000000
90.000000	180.000000	30.000000	60.000000	11.000000	12.000000	11.500000	-2.379248	2.902401	0.030291	0.130304	8220.000000
90.000000	180.000000	30.000000	60.000000	12.000000	13.000000	12.500000	-5.377305	2.061788	0.149417	0.097920	3364.000000
90.000000	180.000000	30.000000	60.000000	13.000000	14.000000	13.500000	-6.026277	3.936130	0.139062	0.241561	27803.000000
90.000000	180.000000	30.000000	60.000000	14.000000	15.000000	14.500000	-6.859931	1.915544	-0.581733	0.162403	26102.000000
90.000000	180.000000	30.000000	60.000000	15.000000	16.000000	15.500000	-6.091334	3.667840	-0.518362	0.453105	28096.000000
90.000000	180.000000	30.000000	60.000000	16.000000	17.000000	16.500000	-8.818368	2.926533	-0.906253	0.463230	3090.000000
90.000000	180.000000	30.000000	60.000000	17.000000	18.000000	17.500000	nan	nan	nan	nan	0.000000
90.000000	180.000000	30.000000	60.000000	18.000000	19.000000	18.500000	nan	nan	nan	nan	0.000000
90.000000	180.000000	30.000000	60.000000	19.000000	20.000000	19.500000	nan	nan	nan	nan	0.000000
90.000000	180.000000	0.000000	30.000000	6.000000	7.000000	6.500000	nan	nan	nan	nan	0.000000
90.000000	180.000000	0.000000	30.000000	7.000000	8.000000	7.500000	nan	nan	nan	nan	0.000000
90.000000	180.000000	0.000000	30.000000	8.000000	9.000000	8.500000	6.687386	3.871620	1.528059	0.438614	1400.000000
90.000000	180.000000	0.000000	30.000000	9.000000	10.000000	9.500000	3.249310	4.182004	1.756146	0.817237	16332.000000
90.000000	180.000000	0.000000	30.000000	10.000000	11.000000	10.500000	1.323642	5.275217	0.817180	0.674347	44772.000000
90.000000	180.000000	0.000000	30.000000	11.000000	12.000000	11.500000	-2.394116	3.245643	0.021312	0.095501	6651.000000
90.000000	180.000000	0.000000	30.000000	12.000000	13.000000	12.500000	-0.725710	4.157325	0.029341	0.073071	13595.000000
90.000000	180.000000	0.000000	30.000000	13.000000	14.000000	13.500000	-5.763343	3.938314	-1.000586	0.640290	54262.000000
90.000000	180.000000	0.000000	30.000000	14.000000	15.000000	14.500000	-3.465750	2.398946	-1.511454	0.605529	18454.000000
90.000000	180.000000	0.000000	30.000000	15.000000	16.000000	15.500000	-2.461236	3.034542	-1.138383	0.405337	19048.000000
90.000000	180.000000	0.000000	30.000000	16.000000	17.000000	16.500000	-5.882629	2.853623	-1.447787	0.927944	333.000000
90.000000	180.000000	0.000000	30.000000	17.000000	18.000000	17.500000	nan	nan	nan	nan	0.000000
90.000000	180.000000	0.000000	30.000000	18.000000	19.000000	18.500000	nan	nan	nan	nan	0.000000
90.000000	180.000000	0.000000	30.000000	19.000000	20.000000	19.500000	nan	nan	nan	nan	0.000000
90.000000	180.000000	-30.000000	0.000000	6.000000	7.000000	6.500000	nan	nan	nan	nan	0.000000
90.000000	180.000000	-30.000000	0.000000	7.000000	8.000000	7.500000	nan	nan	nan	nan	0.000000
90.000000	180.000000	-30.000000	0.000000	8.000000	9.000000	8.500000	nan	nan	nan	nan	0.000000
90.000000	180.000000	-30.000000	0.000000	9.000000	10.000000	9.500000	1.079050	3.455398	3.057255	0.955461	598.000000
90.000000	180.000000	-30.000000	0.000000	10.000000	11.000000	10.500000	1.947907	5.259832	0.824138	0.547059	24042.000000
90.000000	180.000000	-30.000000	0.000000	11.000000	12.000000	11.500000	-0.178377	3.923795	0.568645	0.362730	42998.000000
90.000000	180.000000	-30.000000	0.000000	12.000000	13.000000	12.500000	-1.898062	4.107994	-0.265452	0.284811	53389.000000
90.000000	180.000000	-30.000000	0.000000	13.000000	14.000000	13.500000	-1.965949	4.895870	-1.076606	0.439581	32138.000000
90.000000	180.000000	-30.000000	0.000000	14.000000	15.000000	14.500000	-3.284248	6.083321	-0.686492	1.142748	1441.000000
90.000000	180.000000	-30.000000	0.000000	15.000000	16.000000	15.500000	-7.333493	5.840475	-3.224489	0.943025	98.000000
90.000000	180.000000	-30.000000	0.000000	16.000000	17.000000	16.500000	nan	nan	nan	nan	0.000000
90.000000	180.000000	-30.000000	0.000000	17.000000	18.000000	17.500000	nan	nan	nan	nan	0.000000
90.000000	180.000000	-30.000000	0.000000	18.000000	19.000000	18.500000	nan	nan	nan	nan	0.000000
90.000000	180.000000	-30.000000	0.000000	19.000000	20.000000	19.500000	nan	nan	nan	nan	0.000000
90.000000	180.000000	-60.000000	-30.000000	6.000000	7.000000	6.500000	nan	nan	nan	nan	0.000000
90.000000	180.000000	-60.000000	-30.000000	7.000000	8.000000	7.500000	nan	nan	nan	nan	0.000000
90.000000	180.000000	-60.000000	-30.000000	8.000000	9.000000	8.500000	nan	nan	nan	nan	0.000000
90.000000	180.000000	-60.000000	-30.000000	9.000000	10.000000	9.500000	nan	nan	nan	nan	0.000000
90.000000	180.000000	-60.000000	-30.000000	10.000000	11.000000	10.500000	2.751310	3.924884	0.908957	0.358376	151.000000
90.000000	180.000000	-60.000000	-30.000000	11.000000	12.000000	11.500000	-3.556270	3.727219	0.004230	0.344382	107.000000
90.000000	180.000000	-60.000000	-30.000000	12.000000	13.000000	12.500000	-2.796317	2.509236	-0.009352	0.178538	135.000000
90.000000	180.000000	-60.000000	-30.000000	13.000000	14.000000	13.500000	nan	nan	nan	nan	0.000000
90.000000	180.000000	-60.000000	-30.000000	14.000000	15.000000	14.500000	nan	nan	nan	nan	0.000000
90.000000	180.000000	-60.000000	-30.000000	15.000000	16.000000	15.500000	nan	nan	nan	nan	0.000000
90.000000	180.000000	-60.000000	-30.000000	16.000000	17.000000	16.500000	nan	nan	nan	nan	0.000000
90.000000	180.000000	-60.000000	-30.000000	17.000000	18.000000	17.500000	nan	nan	nan	nan	0.000000
90.000000	180.000000	-60.000000	-30.000000	18.000000	19.000000	18.500000	nan	nan	nan	nan	0.000000
90.000000	180.000000	-60.000000	-30.000000	19.000000	20.000000	19.500000	nan	nan	nan	nan	0.000000
90.000000	180.000000	-90.000000	-60.000000	6.000000	7.000000	6.500000	nan	nan	nan	nan	0.000000
90.000000	180.000000	-90.000000	-60.000000	7.000000	8.000000	7.500000	nan	nan	nan	nan	0.000000
90.000000	180.000000	-90.000000	-60.000000	8.000000	9.000000	8.500000	nan	nan	nan	nan	0.000000
90.000000	180.000000	-90.000000	-60.000000	9.000000	10.000000	9.500000	nan	nan	nan	nan	0.000000
90.000000	180.000000	-90.000000	-60.000000	10.000000	11.000000	10.500000	nan	nan	nan	nan	0.000000
90.000000	180.000000	-90.000000	-60.000000	11.000000	12.000000	11.500000	nan	nan	nan	nan	0.000000
90.000000	180.000000	-90.000000	-60.000000	12.000000	13.000000	12.500000	nan	nan	nan	nan	0.000000
90.000000	180.000000	-90.000000	-60.000000	13.000000	14.000000	13.500000	nan	nan	nan	nan	0.000000
90.000000	180.000000	-90.000000	-60.000000	14.000000	15.000000	14.500000	nan	nan	nan	nan	0.000000
90.000000	180.000000	-90.000000	-60.000000	15.000000	16.000000	15.500000	nan	nan	nan	nan	0.000000
90.000000	180.000000	-90.000000	-60.000000	16.000000	17.000000	16.500000	nan	nan	nan	nan	0.000000
90.000000	180.000000	-90.000000	-60.000000	17.000000	18.000000	17.500000	nan	nan	nan	nan	0.000000
90.000000	180.000000	-90.000000	-60.000000	18.000000	19.000000	18.500000	nan	nan	nan	nan	0.000000
90.000000	180.000000	-90.000000	-60.000000	19.000000	20.000000	19.500000	nan	nan	nan	nan	0.000000
180.000000	270.000000	60.000000	90.000000	6.000000	7.000000	6.500000	nan	nan	nan	nan	0.000000
180.000000	270.000000	60.000000	90.000000	7.000000	8.000000	7.500000	nan	nan	nan	nan	0.000000
180.000000	270.000000	60.000000	90.000000	8.000000	9.000000	8.500000	nan	nan	nan	nan	0.000000
180.000000	270.000000	60.000000	90.000000	9.000000	10.000000	9.500000	nan	nan	nan	nan	0.000000
180.000000	270.000000	60.000000	90.000000	10.000000	11.000000	10.500000	nan	nan	nan	nan	0.000000
180.000000	270.000000	60.000000	90.000000	11.000000	12.000000	11.500000	nan	nan	nan	nan	0.000000
180.000000	270.000000	60.000000	90.000000	12.000000	13.000000	12.500000	nan	nan	nan	nan	0.000000
180.000000	270.000000	60.000000	90.000000	13.000000	14.000000	13.500000	nan	nan	nan	nan	0.000000
180.000000	270.000000	60.000000	90.000000	14.000000	15.000000	14.500000	nan	nan	nan	nan	0.000000
180.000000	270.000000	60.000000	90.000000	15.000000	16.000000	15.500000	nan	nan	nan	nan	0.000000
180.000000	270.000000	60.000000	90.000000	16.000000	17.000000	16.500000	nan	nan	nan	nan	0.000000
180.000000	270.000000	60.000000	90.000000	17.000000	18.000000	17.500000	nan	nan	nan	nan	0.000000
180.000000	270.000000	60.000000	90.000000	18.000000	19.000000	18.500000	nan	nan	nan	nan	0.000000
180.000000	270.000000	60.000000	90.000000	19.000000	20.000000	19.500000	nan	nan	nan	nan	0.000000
180.000000	270.000000	30.000000	60.000000	6.000000	7.000000	6.500000	nan	nan	nan	nan	0.000000
180.000000	270.000000	30.000000	60.000000	7.000000	8.000000	7.500000	nan	nan	nan	nan	0.000000
180.000000	270.000000	30.000000	60.000000	8.000000	9.000000	8.500000	nan	nan	nan	nan	0.000000
180.000000	270.000000	30.000000	60.000000	9.000000	10.000000	9.500000	-3.568591	2.211976	0.120118	0.097669	4384.000000
180.000000	270.000000	30.000000	60.000000	10.000000	11.000000	10.500000	-3.086514	2.160632	0.155754	0.091022	2130.000000
180.000000	270.000000	30.000000	60.000000	11.000000	12.000000	11.500000	nan	nan	nan	nan	0.000000
180.000000	270.000000	30.000000	60.000000	12.000000	13.000000	12.500000	7.529111	10.171558	-0.891829	0.407563	79.000000
180.000000	270.000000	30.000000	60.000000	13.000000	14.000000	13.500000	2.905429	5.692420	-1.901149	0.486773	258.000000
180.000000	270.000000	30.000000	60.000000	14.000000	15.000000	14.500000	1.204643	4.464489	-2.213575	0.122866	65.000000
180.000000	270.000000	30.000000	60.000000	15.000000	16.000000	15.500000	nan	nan	nan	nan	0.000000
180.000000	270.000000	30.000000	60.000000	16.000000	17.000000	16.500000	nan	nan	nan	nan	0.000000
180.000000	270.000000	30.000000	60.000000	17.000000	18.000000	17.500000	nan	nan	nan	nan	0.000000
180.000000	270.000000	30.000000	60.000000	18.000000	19.000000	18.500000	nan	nan	nan	nan	0.000000
180.000000	270.000000	30.000000	60.000000	19.000000	20.000000	19.500000	nan	nan	nan	nan	0.000000
180.000000	270.000000	0.000000	30.000000	6.000000	7.000000	6.500000	nan	nan	nan	nan	0.000000
180.000000	270.000000	0.000000	30.000000	7.000000	8.000000	7.500000	nan	nan	nan	nan	0.000000
180.000000	270.000000	0.000000	30.000000	8.000000	9.000000	8.500000	7.955428	2.801310	3.833406	0.316960	4440.000000
180.000000	270.000000	0.000000	30.000000	9.000000	10.000000	9.500000	2.426671	3.718136	1.505507	0.697018	17010.000000
180.000000	270.000000	0.000000	30.000000	10.000000	11.000000	10.500000	-3.669763	2.629664	0.635349	0.208260	2976.000000
180.000000	270.000000	0.000000	30.000000	11.000000	12.000000	11.500000	nan	nan	nan	nan	0.000000
180.000000	270.000000	0.000000	30.000000	12.000000	13.000000	12.500000	-3.074914	3.811771	-0.691427	0.403305	12966.000000
180.000000	270.000000	0.000000	30.000000	13.000000	14.000000	13.500000	-4.885027	3.439273	-1.811688	0.756765	54794.000000
180.000000	270.000000	0.000000	30.000000	14.000000	15.000000	14.500000	-6.183081	2.444826	-2.640558	0.431484	44912.000000
180.000000	270.000000	0.000000	30.000000	15.000000	16.000000	15.500000	-5.795655	3.093153	-3.038201	0.677751	10223.000000
180.000000	270.000000	0.000000	30.000000	16.000000	17.000000	16.500000	nan	nan	nan	nan	0.000000
180.000000	270.000000	0.000000	30.000000	17.000000	18.000000	17.500000	nan	nan	nan	nan	0.000000
180.000000	270.000000	0.000000	30.000000	18.000000	19.000000	18.500000	nan	nan	nan	nan	0.000000
180.000000	270.000000	0.000000	30.000000	19.000000	20.000000	19.500000	nan	nan	nan	nan	0.000000
180.000000	270.000000	-30.000000	0.000000	6.000000	7.000000	6.500000	nan	nan	nan	nan	0.000000
180.000000	270.000000	-30.000000	0.000000	7.000000	8.000000	7.500000	nan	nan	nan	nan	0.000000
180.000000	270.000000	-30.000000	0.000000	8.000000	9.000000	8.500000	nan	nan	nan	nan	0.000000
180.000000	270.000000	-30.000000	0.000000	9.000000	10.000000	9.500000	4.381679	3.864903	2.052183	0.530946	5490.000000
180.000000	270.000000	-30.000000	0.000000	10.000000	11.000000	10.500000	2.329011	4.308474	1.918245	0.371189	6000.000000
180.000000	270.000000	-30.000000	0.000000	11.000000	12.000000	11.500000	nan	nan	nan	nan	0.000000
180.000000	270.000000	-30.000000	0.000000	12.000000	13.000000	12.500000	-1.588480	6.061540	-0.650392	0.288556	12023.000000
180.000000	270.000000	-30.000000	0.000000	13.000000	14.000000	13.500000	-1.440257	4.557893	-1.264018	0.578766	21384.000000
180.000000	270.000000	-30.000000	0.000000	14.000000	15.000000	14.500000	-3.423478	4.269590	-2.159539	0.736284	15947.000000
180.000000	270.000000	-30.000000	0.000000	15.000000	16.000000	15.500000	-9.600620	4.543337	-3.526788	0.811982	29968.000000
180.000000	270.000000	-30.000000	0.000000	16.000000	17.000000	16.500000	-4.246367	3.407180	-1.851965	1.002764	304.000000
180.000000	270.000000	-30.000000	0.000000	17.000000	18.000000	17.500000	nan	nan	nan	nan	0.000000
180.000000	270.000000	-30.000000	0.000000	18.000000	19.000000	18.500000	nan	nan	nan	nan	0.000000
180.000000	270.000000	-30.000000	0.000000	19.000000	20.000000	19.500000	nan	nan	nan	nan	0.000000
180.000000	270.000000	-60.000000	-30.000000	6.000000	7.000000	6.500000	nan	nan	nan	nan	0.000000
180.000000	270.000000	-60.000000	-30.000000	7.000000	8.000000	7.500000	nan	nan	nan	nan	0.000000
180.000000	270.000000	-60.000000	-30.000000	8.000000	9.000000	8.500000	nan	nan	nan	nan	0.000000
180.000000	270.000000	-60.000000	-30.000000	9.000000	10.000000	9.500000	-0.553289	5.757997	1.937336	0.317510	98.000000
180.000000	270.000000	-60.000000	-30.000000	10.000000	11.000000	10.500000	-3.284149	3.965815	1.914148	0.319430	210.000000
180.000000	270.000000	-60.000000	-30.000000	11.000000	12.000000	11.500000	-3.157442	3.627801	0.044759	0.042308	1753.000000
180.000000	270.000000	-60.000000	-30.000000	12.000000	13.000000	12.500000	-2.002964	5.273048	-0.338211	0.260632	14875.000000
180.000000	270.000000	-60.000000	-30.000000	13.000000	14.000000	13.500000	-0.425537	4.287607	-0.727190	0.299854	29378.000000
180.000000	270.000000	-60.000000	-30.000000	14.000000	15.000000	14.500000	-0.778748	4.824361	-1.436003	0.392302	24504.000000
180.000000	270.000000	-60.000000	-30.000000	15.000000	16.000000	15.500000	-5.155140	4.891084	-1.755030	0.576065	65534.000000
180.000000	270.000000	-60.000000	-30.000000	16.000000	17.000000	16.500000	-2.455548	4.989200	-1.909693	0.628812	17675.000000
180.000000	270.000000	-60.000000	-30.000000	17.000000	18.000000	17.500000	nan	nan	nan	nan	0.000000
180.000000	270.000000	-60.000000	-30.000000	18.000000	19.000000	18.500000	nan	nan	nan	nan	0.000000
180.000000	270.000000	-60.000000	-30.000000	19.000000	20.000000	19.500000	nan	nan	nan	nan	0.000000
180.000000	270.000000	-90.000000	-60.000000	6.000000	7.000000	6.500000	nan	nan	nan	nan	0.000000
180.000000	270.000000	-90.000000	-60.000000	7.000000	8.000000	7.500000	nan	nan	nan	nan	0.000000
180.000000	270.000000	-90.000000	-60.000000	8.000000	9.000000	8.500000	nan	nan	nan	nan	0.000000
180.000000	270.000000	-90.000000	-60.000000	9.000000	10.000000	9.500000	nan	nan	nan	nan	0.000000
180.000000	270.000000	-90.000000	-60.000000	10.000000	11.000000	10.500000	nan	nan	nan	nan	0.000000
180.000000	270.000000	-90.000000	-60.000000	11.000000	12.000000	11.500000	5.620856	6.394992	0.029803	0.072167	230.000000
180.000000	270.000000	-90.000000	-60.000000	12.000000	13.000000	12.500000	0.501690	5.732872	-0.250039	0.106048	15282.000000
180.000000	270.000000	-90.000000	-60.000000	13.000000	14.000000	13.500000	2.078906	3.724592	-0.462904	0.170561	21556.000000
180.000000	270.000000	-90.000000	-60.000000	14.000000	15.000000	14.500000	-0.944757	6.858960	-0.935909	0.369917	7556.000000
180.000000	270.000000	-90.000000	-60.000000	15.000000	16.000000	15.500000	-4.927467	4.408805	-0.837253	0.273059	12507.000000
180.000000	270.000000	-90.000000	-60.000000	16.000000	17.000000	16.500000	-2.887727	5.193506	-0.982906	0.236477	2251.000000
180.000000	270.000000	-90.000000	-60.000000	17.000000	18.000000	17.500000	nan	nan	nan	nan	0.000000
180.000000	270.000000	-90.000000	-60.000000	18.000000	19.000000	18.500000	nan	nan	nan	nan	0.000000
180.000000	270.000000	-90.000000	-60.000000	19.000000	20.000000	19.500000	nan	nan	nan	nan	0.000000
270.000000	360.000000	60.000000	90.000000	6.000000	7.000000	6.500000	nan	nan	nan	nan	0.000000
270.000000	360.000000	60.000000	90.000000	7.000000	8.000000	7.500000	nan	nan	nan	nan	0.000000
270.000000	360.000000	60.000000	90.000000	8.000000	9.000000	8.500000	nan	nan	nan	nan	0.000000
270.000000	360.000000	60.000000	90.000000	9.000000	10.000000	9.500000	nan	nan	nan	nan	0.000000
270.000000	360.000000	60.000000	90.000000	10.000000	11.000000	10.500000	nan	nan	nan	nan	0.000000
270.000000	360.000000	60.000000	90.000000	11.000000	12.000000	11.500000	nan	nan	nan	nan	0.000000
270.000000	360.000000	60.000000	90.000000	12.000000	13.000000	12.500000	nan	nan	nan	nan	0.000000
270.000000	360.000000	60.000000	90.000000	13.000000	14.000000	13.500000	nan	nan	nan	nan	0.000000
270.000000	360.000000	60.000000	90.000000	14.000000	15.000000	14.500000	nan	nan	nan	nan	0.000000
270.000000	360.000000	60.000000	90.000000	15.000000	16.000000	15.500000	nan	nan	nan	nan	0.000000
270.000000	360.000000	60.000000	90.000000	16.000000	17.000000	16.500000	nan	nan	nan	nan	0.000000
270.000000	360.000000	60.000000	90.000000	17.000000	18.000000	17.500000	nan	nan	nan	nan	0.000000
270.000000	360.000000	60.000000	90.000000	18.000000	19.000000	18.500000	nan	nan	nan	nan	0.000000
270.000000	360.000000	60.000000	90.000000	19.000000	20.000000	19.500000	nan	nan	nan	nan	0.000000
270.000000	360.000000	30.000000	60.000000	6.000000	7.000000	6.500000	nan	nan	nan	nan	0.000000
270.000000	360.000000	30.000000	60.000000	7.000000	8.000000	7.500000	nan	nan	nan	nan	0.000000
270.000000	360.000000	30.000000	60.000000	8.000000	9.000000	8.500000	nan	nan	nan	nan	0.000000
270.000000	360.000000	30.000000	60.000000	9.000000	10.000000	9.500000	nan	nan	nan	nan	0.000000
270.000000	360.000000	30.000000	60.000000	10.000000	11.000000	10.500000	nan	nan	nan	nan	0.000000
270.000000	360.000000	30.000000	60.000000	11.000000	12.000000	11.500000	nan	nan	nan	nan	0.000000
270.000000	360.000000	30.000000	60.000000	12.000000	13.000000	12.500000	-2.349271	2.708089	-0.903261	0.065626	2660.000000
270.000000	360.000000	30.000000	60.000000	13.000000	14.000000	13.500000	-1.788551	3.681974	-0.957806	0.199785	1571.000000
270.000000	360.000000	30.000000	60.000000	14.000000	15.000000	14.500000	13.004969	1.792231	-0.680675	0.009216	7.000000
270.000000	360.000000	30.000000	60.000000	15.000000	16.000000	15.500000	nan	nan	nan	nan	0.000000
270.000000	360.000000	30.000000	60.000000	16.000000	17.000000	16.500000	nan	nan	nan	nan	0.000000
270.000000	360.000000	30.000000	60.000000	17.000000	18.000000	17.500000	nan	nan	nan	nan	0.000000
270.000000	360.000000	30.000000	60.000000	18.000000	19.000000	18.500000	nan	nan	nan	nan	0.000000
270.000000	360.000000	30.000000	60.000000	19.000000	20.000000	19.500000	nan	nan	nan	nan	0.000000
270.000000	360.000000	0.000000	30.000000	6.000000	7.000000	6.500000	nan	nan	nan	nan	0.000000
270.000000	360.000000	0.000000	30.000000	7.000000	8.000000	7.500000	nan	nan	nan	nan	0.000000
270.000000	360.000000	0.000000	30.000000	8.000000	9.000000	8.500000	nan	nan	nan	nan	0.000000
270.000000	360.000000	0.000000	30.000000	9.000000	10.000000	9.500000	3.726243	0.000000	2.675137	0.000000	1.000000
270.000000	360.000000	0.000000	30.000000	10.000000	11.000000	10.500000	3.782463	3.058243	0.454347	0.089822	355.000000
270.000000	360.000000	0.000000	30.000000	11.000000	12.000000	11.500000	-0.265235	4.005238	0.012120	0.045883	12374.000000
270.000000	360.000000	0.000000	30.000000	12.000000	13.000000	12.500000	-3.194266	2.878521	-0.620611	0.348210	67048.000000
270.000000	360.000000	0.000000	30.000000	13.000000	14.000000	13.500000	-5.080142	3.260867	-0.972851	0.563366	114635.000000
270.000000	360.000000	0.000000	30.000000	14.000000	15.000000	14.500000	-7.992810	3.301116	-2.748083	0.797699	51971.000000
270.000000	360.000000	0.000000	30.000000	15.000000	16.000000	15.500000	-4.785852	4.926401	-0.757823	1.551950	2113.000000
270.000000	360.000000	0.000000	30.000000	16.000000	17.000000	16.500000	nan	nan	nan	nan	0.000000
270.000000	360.000000	0.000000	30.000000	17.000000	18.000000	17.500000	nan	nan	nan	nan	0.000000
270.000000	360.000000	0.000000	30.000000	18.000000	19.000000	18.500000	nan	nan	nan	nan	0.000000
270.000000	360.000000	0.000000	30.000000	19.000000	20.000000	19.500000	nan	nan	nan	nan	0.000000
270.000000	360.000000	-30.000000	0.000000	6.000000	7.000000	6.500000	nan	nan	nan	nan	0.000000
270.000000	360.000000	-30.000000	0.000000	7.000000	8.000000	7.500000	nan	nan	nan	nan	0.000000
270.000000	360.000000	-30.000000	0.000000	8.000000	9.000000	8.500000	15.406284	3.517387	4.265201	0.452082	10327.000000
270.000000	360.000000	-30.000000	0.000000	9.000000	10.000000	9.500000	5.647408	4.455183	2.231350	0.689155	17556.000000
270.000000	360.000000	-30.000000	0.000000	10.000000	11.000000	10.500000	2.831523	4.944361	1.422430	0.602240	53563.000000
270.000000	360.000000	-30.000000	0.000000	11.000000	12.000000	11.500000	2.515804	6.492840	0.388015	0.368638	56476.000000
270.000000	360.000000	-30.000000	0.000000	12.000000	13.000000	12.500000	-0.138715	6.922209	-0.312097	0.246564	35916.000000
270.000000	360.000000	-30.000000	0.000000	13.000000	14.000000	13.500000	-4.724428	4.874681	-1.106352	0.530956	20065.000000
270.000000	360.000000	-30.000000	0.000000	14.000000	15.000000	14.500000	-6.634513	4.218589	-2.481879	0.831524	36945.000000
270.000000	360.000000	-30.000000	0.000000	15.000000	16.000000	15.500000	-9.454644	3.625997	-3.412318	0.803355	17791.000000
270.000000	360.000000	-30.000000	0.000000	16.000000	17.000000	16.500000	nan	nan	nan	nan	0.000000
270.000000	360.000000	-30.000000	0.000000	17.000000	18.000000	17.500000	nan	nan	nan	nan	0.000000
270.000000	360.000000	-30.000000	0.000000	18.000000	19.000000	18.500000	nan	nan	nan	nan	0.000000
270.000000	360.000000	-30.000000	0.000000	19.000000	20.000000	19.500000	nan	nan	nan	nan	0.000000
270.000000	360.000000	-60.000000	-30.000000	6.000000	7.000000	6.500000	nan	nan	nan	nan	0.000000
270.000000	360.000000	-60.000000	-30.000000	7.000000	8.000000	7.500000	nan	nan	nan	nan	0.000000
270.000000	360.000000	-60.000000	-30.000000	8.000000	9.000000	8.500000	10.710503	4.933474	3.521778	0.654828	7155.000000
270.000000	360.000000	-60.000000	-30.000000	9.000000	10.000000	9.500000	8.119005	4.582446	2.133858	0.794312	42292.000000
270.000000	360.000000	-60.000000	-30.000000	10.000000	11.000000	10.500000	2.434908	5.079880	0.763653	0.299686	66895.000000
270.000000	360.000000	-60.000000	-30.000000	11.000000	12.000000	11.500000	-1.514476	3.969990	0.328547	0.177548	112695.000000
270.000000	360.000000	-60.000000	-30.000000	12.000000	13.000000	12.500000	-2.738166	4.045501	-0.210141	0.152935	68601.000000
270.000000	360.000000	-60.000000	-30.000000	13.000000	14.000000	13.500000	-4.501244	3.743992	-0.793941	0.297991	47245.000000
270.000000	360.000000	-60.000000	-30.000000	14.000000	15.000000	14.500000	-4.482200	4.009904	-1.300109	0.572657	58353.000000
270.000000	360.000000	-60.000000	-30.000000	15.000000	16.000000	15.500000	-6.511556	3.897322	-1.137941	0.488999	13099.000000
270.000000	360.000000	-60.000000	-30.000000	16.000000	17.000000	16.500000	nan	nan	nan	nan	0.000000
270.000000	360.000000	-60.000000	-30.000000	17.000000	18.000000	17.500000	nan	nan	nan	nan	0.000000
270.000000	360.000000	-60.000000	-30.000000	18.000000	19.000000	18.500000	nan	nan	nan	nan	0.000000
270.000000	360.000000	-60.000000	-30.000000	19.000000	20.000000	19.500000	nan	nan	nan	nan	0.000000
270.000000	360.000000	-90.000000	-60.000000	6.000000	7.000000	6.500000	nan	nan	nan	nan	0.000000
270.000000	360.000000	-90.000000	-60.000000	7.000000	8.000000	7.500000	nan	nan	nan	nan	0.000000
270.000000	360.000000	-90.000000	-60.000000	8.000000	9.000000	8.500000	17.888973	5.993854	1.592966	0.062047	134.000000
270.000000	360.000000	-90.000000	-60.000000	9.000000	10.000000	9.500000	6.872215	5.541315	1.786137	0.219589	9810.000000
270.000000	360.000000	-90.000000	-60.000000	10.000000	11.000000	10.500000	2.514616	4.332708	0.373010	0.534856	1087.000000
270.000000	360.000000	-90.000000	-60.000000	11.000000	12.000000	11.500000	-2.515943	3.067928	0.090110	0.098080	22145.000000
270.000000	360.000000	-90.000000	-60.000000	12.000000	13.000000	12.500000	-1.737325	3.341733	-0.100721	0.072359	36420.000000
270.000000	360.000000	-90.000000	-60.000000	13.000000	14.000000	13.500000	-3.568731	3.548246	-0.429635	0.114848	46410.000000
270.000000	360.000000	-90.000000	-60.000000	14.000000	15.000000	14.500000	-3.477411	3.723226	-0.559840	0.165406	34622.000000
270.000000	360.000000	-90.000000	-60.000000	15.000000	16.000000	15.500000	-3.849585	4.724763	-0.616522	0.059360	1137.000000
270.000000	360.000000	-90.000000	-60.000000	16.000000	17.000000	16.500000	nan	nan	nan	nan	0.000000
270.000000	360.000000	-90.000000	-60.000000	17.000000	18.000000	17.500000	nan	nan	nan	nan	0.000000
270.000000	360.000000	-90.000000	-60.000000	18.000000	19.000000	18.500000	nan	nan	nan	nan	0.000000
270.000000	360.000000	-90.000000	-60.000000	19.000000	20.000000	19.500000	nan	nan	nan	nan	0.000000
